256 1 16321 16321 928613
256 1 16321 16321 3080625
256 1 16321 16321 4597224
256 1 16321 16321 1609401
256 1 16321 16321 3157567
256 1 16321 16321 1525441
256 1 16321 16321 3627813
256 25 654 16326 270967
256 25 654 16326 170925
256 25 654 16326 165254
256 25 654 16326 102057
256 25 654 16326 190328
256 25 654 16326 154372
256 25 654 16326 156873
256 50 328 16351 76541
256 50 328 16351 75666
256 50 328 16351 77011
256 50 328 16351 69961
256 50 328 16351 29438
256 50 328 16351 77429
256 50 328 16351 203529
256 75 219 16351 33795
256 75 219 16351 52437
