256 10 256 2551 7.267969
768 10 768 7671 7.853711
2048 10 2048 20471 7.331323
3072 10 3072 30711 8.239225
8192 10 8192 81911 10.635766
16384 10 16384 163831 13.157635
32768 10 32768 327671 13.741783
256 30 256 7651 6.550976
768 30 768 23011 7.452539
2048 30 2048 61411 8.586670
3072 30 3072 92131 11.325131
8192 30 8192 245731 11.583789
16384 30 16384 491491 14.943725
32768 30 32768 983011 24.944845
256 50 256 12751 6.562890
768 50 768 38351 7.748828
2048 50 2048 102351 9.184717
3072 50 3072 153551 11.980599
8192 50 8192 409551 13.592144
16384 50 16384 819151 14.186405
32768 50 32768 1638351 15.790718
256 70 256 17851 6.623437
768 70 768 53691 8.437890
2048 70 2048 143291 9.887939
3072 70 3072 214971 11.041260
8192 70 8192 573371 13.995862
16384 70 16384 1146811 15.951697
32768 70 32768 2293691 18.022119
256 90 256 22951 7.175390
768 90 768 69031 7.786523
2048 90 2048 184231 10.383399
3072 90 3072 276391 11.922966
8192 90 8192 737191 13.707300
16384 90 16384 1474471 14.801400
32768 90 32768 2949031 15.593642
